%YAML:1.0
---
camera_name: calibration
image_width: 640
image_height: 480
camera_matrix:
   rows: 3
   cols: 3
   data: [ 3.3067285156250000e+02, 0., 3.1421746826171875e+02, 0., 0.,
       3.2961352539062500e+02, 2.3675648498535156e+02, 0., 0. ]
distortion_coefficients:
   rows: 1
   cols: 5
   data: [ 0., 0., 0., 0., 0. ]
distortion_model: plumb_bob
rectification_matrix:
   rows: 3
   cols: 3
   data: [ 1., 0., 0., 0., 1., 0., 0., 0., 1. ]
projection_matrix:
   rows: 3
   cols: 4
   data: [ 3.3067285156250000e+02, 0., 3.1421746826171875e+02, 0., 0.,
       3.2961352539062500e+02, 2.3675648498535156e+02, 0., 0., 0., 1.,
       0. ]
local_transform:
   rows: 3
   cols: 4
   data: [ -4.91174823e-03, 2.77312487e-01, -9.60767210e-01,
       -4.18597281e-01, 9.99951124e-01, 9.60602984e-03, -2.33941805e-03,
       3.87309343e-02, 8.58040899e-03, -9.60731745e-01, -2.77346104e-01,
       1.23001775e-02 ]
